2
4
5
6
14
15
17
18
20
23
24
27
29
30
31
32
39
41
43
45
46
48
51
54
57
59
60
64
66
67
70
73
74
76
78
82
84
86
87
89
90
91
93
100
101
104
107
108
109
111
112
114
116
117
118
119
121
122
123
125
128
129
130
131
132
135
136
138
140
144
145
146
147
150
151
152
154
158
160
162
163
165
166
167
170
171
174
175
177
178
179
180
182
183
185
188
189
192
193
196
198
200
201
202
206
207
209
210
211
212
213
215
219
222
224
226
227
228
232
235
236
239
240
242
243
247
248
251
252
256
261
264
268
269
270
271
278
279
280
283
285
287
288
289
290
293
296
297
303
305
306
307
308
309
310
311
312
313
317
318
319
321
322
323
324
325
326
327
329
332
333
335
336
339
340
345
346
347
348
350
351
352
353
358
360
362
364
366
367
369
373
374
376
381
382
383
384
385
387
388
391
393
394
396
398
400
401
403
404
406
408
409
412
415
416
417
418
422
424
427
431
432
434
438
439
440
441
446
448
449
450
453
456
458
459
465
466
467
468
471
473
474
477
478
480
481
482
485
486
487
488
489
490
491
495
496
497
502
505
511
512
513
514
515
517
519
522
523
525
529
531
532
534
540
541
543
544
545
546
547
549
550
555
556
558
559
561
562
563
567
573
574
575
576
580
581
583
584
585
586
587
589
591
594
596
599
602
604
609
610
613
614
617
619
623
624
626
627
628
633
634
637
640
641
642
644
647
648
649
654
656
657
658
661
665
668
669
670
672
673
674
676
678
680
684
686
687
688
689
695
698
699
701
702
706
707
708
713
714
717
718
721
723
729
730
731
734
736
737
740
741
742
746
753
755
759
761
762
763
765
768
769
772
773
774
778
780
785
786
787
788
789
792
793
794
795
796
797
799
800
801
809
810
811
815
827
831
832
833
834
837
841
842
844
846
847
850
851
852
855
858
861
863
864
867
868
869
873
874
875
878
880
881
889
893
896
897
898
902
904
905
906
908
909
910
911
913
915
917
918
919
920
923
925
926
932
935
939
941
943
944
945
946
947
950
952
962
963
964
971
973
974
976
977
978
979
980
983
988
990
991
993
994
995
998
1002
1009
1010
1011
1012
1014
1015
1017
1018
1026
1029
1031
1032
1033
1036
1038
1039
1042
1044
1047
1048
1049
1050
1053
1054
1055
1058
1060
1061
1062
1065
1066
1068
1069
1070
1071
1072
1073
1074
1075
1076
1077
1078
1082
1085
1086
1087
1088
1089
1090
1091
1092
1093
1094
1096
1100
1101
1102
1106
1116
1117
1118
1119
1120
1121
1123
1125
1126
1127
1128
1129
1130
1133
1135
1136
1147
1148
1149
1150
1151
1153
1155
1156
1157
1159
1160
1161
1163
1164
1165
1166
1168
1170
1171
1175
1179
1180
1181
1182
1188
1191
1195
1196
1197
1200
1203
1206
1208
1209
1211
1213
1215
1216
1217
1219
1221
1224
1226
1228
1229
1230
1232
1233
1236
1237
1238
1240
1241
1242
1243
1247
1249
1251
1252
1254
1258
1259
1262
1263
1264
1267
1268
1270
1271
1272
1274
1276
1279
1281
1282
1285
1286
1289
1292
1293
1295
1296
1297
1298
1299
1300
1301
1304
1308
1309
1310
1311
1312
1316
1317
1318
1319
1321
1322
1327
1328
1329
1330
1332
1333
1334
1335
1337
1341
1346
1350
1352
1353
1354
1356
1357
1358
1359
1361
1362
1364
1365
1368
1374
1375
1376
1377
1378
1379
1383
1385
1387
1388
1392
1393
1395
1396
1397
1398
1399
1401
1402
1403
1405
1406
1408
1409
1411
1413
1414
1416
1417
1420
1422
1423
1425
1434
1435
1436
1439
1440
1441
1442
1443
1444
1445
1448
1449
1450
1451
1454
1455
1457
1459
1460
1461
1463
1467
1468
1470
1472
1474
1477
1478
1480
1481
1482
1483
1486
1487
1488
1493
1500
1502
1504
1506
1508
1509
1510
1511
1512
1514
1516
1517
1519
1527
1531
1536
1537
1539
1540
1544
1546
1547
1551
1552
1553
1555
1556
1561
1562
1565
1569
1570
1572
1574
1575
1576
1579
1582
1583
1585
1586
1587
1590
1591
1593
1596
1597
1598
1600
1604
1605
1606
1611
1613
1614
1616
1617
1620
1621
1622
1623
1626
1627
1628
1629
1630
1631
1632
1639
1640
1641
1644
1646
1648
1651
1653
1656
1657
1660
1662
1664
1666
1667
1668
1671
1672
1674
1678
1679
1681
1682
1683
1684
1686
1691
1692
1695
1696
1699
1700
1702
1703
1705
1706
1708
1709
1710
1713
1715
1716
1717
1719
1720
1722
1723
1725
1727
1728
1729
1730
1732
1740
1743
1745
1746
1749
1750
1752
1755
1757
1759
1762
1763
1764
1769
1771
1774
1776
1777
1778
1780
1781
1783
1785
1787
1788
1792
1796
1797
1799
1800
1801
1803
1804
1806
1807
1808
1810
1811
1813
1818
1820
1823
1825
1826
1827
1828
1831
1833
1835
1836
1837
1839
1840
1841
1842
1843
1844
1846
1847
1853
1854
1855
1858
1859
1860
1865
1867
1869
1871
1873
1874
1878
1880
1881
1887
1890
1891
1892
1893
1896
1899
1905
1907
1909
1910
1911
1912
1913
1914
1915
1916
1917
1920
1921
1923
1924
1928
1931
1932
1935
1936
1940
1943
1944
1950
1952
1954
1957
1959
1962
1964
1966
1967
1968
1969
1971
1975
1976
1977
1978
1982
1986
1987
1988
1991
1994
1999
