1997
1992
1991
1990
1989
1988
1987
1984
1983
1982
1978
1975
1974
1973
1972
1970
1967
1966
1965
1964
1962
1961
1960
1959
1958
1955
1948
1946
1945
1941
1939
1937
1934
1933
1930
1928
1925
1921
1919
1917
1916
1914
1913
1912
1911
1910
1908
1906
1905
1899
1898
1896
1893
1891
1889
1888
1887
1885
1879
1874
1872
1870
1869
1868
1864
1861
1858
1856
1854
1853
1852
1851
1850
1845
1841
1839
1838
1836
1835
1833
1832
1829
1827
1824
1819
1817
1809
1806
1805
1804
1803
1802
1800
1799
1796
1795
1793
1790
1787
1786
1783
1780
1778
1777
1774
1773
1772
1770
1769
1767
1766
1761
1760
1758
1752
1751
1749
1745
1744
1742
1741
1740
1736
1735
1734
1733
1732
1731
1727
1717
1716
1715
1713
1712
1711
1707
1706
1704
1697
1696
1692
1687
1684
1682
1681
1680
1677
1676
1674
1673
1671
1670
1667
1666
1664
1660
1657
1656
1655
1653
1651
1650
1649
1646
1645
1644
1643
1642
1641
1636
1634
1633
1632
1630
1627
1626
1625
1624
1618
1617
1615
1614
1612
1610
1609
1606
1602
1600
1597
1596
1592
1591
1590
1586
1584
1583
1582
1581
1578
1577
1571
1570
1568
1567
1564
1563
1561
1560
1559
1558
1553
1551
1546
1544
1542
1539
1538
1535
1534
1533
1529
1528
1524
1522
1521
1519
1517
1514
1511
1510
1509
1507
1505
1504
1503
1501
1499
1497
1494
1489
1488
1487
1486
1485
1484
1481
1478
1476
1474
1473
1471
1470
1469
1468
1466
1465
1463
1462
1459
1454
1453
1451
1449
1447
1443
1442
1440
1438
1435
1433
1432
1428
1425
1423
1421
1420
1419
1418
1415
1414
1413
1412
1411
1407
1405
1404
1403
1402
1400
1398
1395
1394
1391
1388
1385
1384
1383
1380
1378
1377
1373
1372
1371
1370
1369
1367
1366
1363
1362
1361
1358
1355
1354
1353
1350
1346
1342
1340
1337
1336
1333
1332
1327
1326
1317
1316
1315
1312
1311
1309
1308
1307
1306
1303
1302
1301
1294
1293
1291
1290
1289
1286
1285
1284
1281
1280
1278
1277
1276
1275
1272
1271
1266
1265
1263
1262
1259
1258
1256
1255
1252
1250
1249
1248
1246
1244
1243
1242
1240
1238
1237
1235
1232
1230
1227
1226
1225
1224
1223
1220
1219
1218
1214
1213
1211
1208
1207
1205
1203
1201
1199
1198
1197
1194
1193
1190
1186
1185
1184
1181
1177
1176
1174
1173
1172
1168
1167
1165
1164
1163
1162
1161
1157
1155
1152
1151
1150
1149
1148
1147
1138
1134
1130
1129
1128
1127
1126
1124
1121
1119
1118
1117
1115
1114
1113
1111
1110
1105
1104
1100
1095
1093
1087
1085
1083
1080
1076
1075
1070
1069
1068
1067
1066
1065
1063
1061
1059
1058
1056
1055
1048
1047
1046
1044
1043
1040
1039
1037
1033
1031
1029
1028
1027
1026
1025
1024
1022
1018
1015
1011
1010
1009
1007
1006
1004
1003
1002
1001
999
998
997
996
995
993
990
987
986
985
980
979
978
975
974
971
969
967
963
962
960
959
956
955
954
952
951
950
949
946
945
944
943
942
940
938
937
933
931
930
928
925
919
918
916
915
912
911
909
904
902
901
899
898
896
895
894
893
889
888
887
881
880
878
876
875
874
872
870
869
868
866
865
861
860
857
856
855
852
849
847
842
839
834
833
831
829
827
826
824
822
821
820
818
814
810
809
808
807
806
805
801
797
795
794
791
789
788
787
785
783
780
776
775
774
773
770
768
766
764
762
758
756
755
751
747
745
744
741
738
737
736
734
733
728
727
726
722
721
720
718
717
715
714
709
707
703
701
697
694
692
690
689
687
686
683
682
681
679
678
677
676
671
669
666
663
659
656
653
652
650
649
648
647
646
644
641
640
639
633
630
629
627
625
624
620
619
618
617
615
614
609
608
602
600
598
596
595
590
589
588
587
585
584
582
581
580
578
577
576
575
573
572
570
569
567
566
565
564
562
559
558
557
556
555
554
553
551
549
547
546
545
544
543
542
540
539
538
535
534
533
532
528
524
523
520
518
517
515
510
506
505
504
503
502
501
500
498
497
496
495
491
488
486
484
481
480
478
477
476
473
472
471
470
468
467
466
463
461
458
457
454
451
450
448
446
445
440
437
435
434
430
424
423
421
420
418
417
416
415
412
411
410
409
406
405
404
403
402
396
391
390
386
380
378
377
376
375
374
373
372
370
369
368
365
364
362
360
359
357
355
354
353
351
346
344
342
341
339
337
335
334
333
332
326
325
324
322
321
319
316
315
314
313
312
310
309
308
303
300
299
298
293
291
289
287
285
283
282
278
277
276
275
272
270
268
263
261
257
255
252
251
250
249
247
246
241
240
239
235
234
231
228
226
225
223
222
220
217
216
214
213
212
209
206
205
203
202
201
197
192
191
190
188
187
183
182
181
179
178
177
176
175
174
170
169
164
159
158
157
156
155
153
151
150
149
148
146
144
142
141
139
138
136
134
133
132
129
128
127
124
123
122
120
117
116
113
112
111
108
107
105
104
101
98
97
93
91
90
89
87
83
80
79
77
76
71
70
69
68
66
64
63
59
54
53
51
47
44
42
40
38
37
36
35
34
33
28
27
25
24
23
22
19
14
13
12
10
9
7
4
1
