1172
1278
1478
1698
326
218
658
491
903
469
145
1033
1388
1102
750
1156
335
1645
1694
1935
1964
515
378
1565
833
1459
1919
1754
1030
1451
1792
749
1182
1895
588
781
207
1064
1498
330
376
1659
524
1721
1850
402
266
220
29
1798
380
465
1133
740
800
1953
935
762
577
1003
1899
517
988
164
520
453
1822
83
1978
1526
1757
123
1909
567
1920
1658
1559
1866
1233
191
1986
909
653
727
1435
1079
1041
1002
90
1501
371
722
602
307
848
1027
895
1816
1421
1817
1170
583
2
913
1632
1114
379
695
1314
1702
384
1174
792
1120
280
906
1696
458
234
462
17
42
1786
73
121
1714
1708
247
1196
594
1684
1886
1555
1815
1068
300
1209
1059
975
114
1289
752
949
324
1025
1932
309
607
396
675
1948
1048
392
1848
1375
1414
1947
1543
1646
881
256
1841
1469
1797
726
1042
691
1977
439
1906
1229
394
1546
1241
316
1845
1633
1088
835
677
775
856
1608
1448
608
610
193
1250
1976
1989
925
664
1466
1864
590
575
252
1561
272
106
1190
71
444
901
321
41
511
1119
928
423
54
1775
276
1624
1395
222
1567
1362
560
1913
1031
706
23
851
1741
825
1615
831
629
1677
447
1566
1513
994
1944
416
1095
1097
1212
126
1127
1479
986
516
190
270
876
409
463
354
135
685
1673
531
32
328
355
969
318
241
581
1839
530
1773
574
757
802
1940
744
1315
1594
1825
1195
1464
1186
1295
1486
1585
900
366
127
542
1800
360
1532
1995
1945
1667
1397
568
1927
728
1468
644
196
729
1500
1790
296
1437
278
1376
1103
427
117
245
858
1269
529
1272
1429
495
1614
141
341
200
1482
838
308
1223
523
1073
228
1764
1512
269
429
700
604
1688
1573
1099
1598
1358
1434
920
716
1329
206
437
970
1368
310
1587
760
167
179
1449
1568
282
1771
494
864
1198
548
514
201
584
1409
1733
1844
1742
1550
1638
1662
389
1184
38
22
870
1551
337
1584
1656
37
1917
1752
65
93
1457
1336
1244
1398
1149
855
434
734
504
1603
1922
1236
381
558
698
1625
812
484
1728
1560
916
1781
755
1381
1228
33
941
737
397
70
342
1715
1020
14
440
77
541
62
1008
1012
501
25
425
1408
1776
1796
1251
58
1508
779
868
682
271
1981
817
347
1456
1216
21
1279
774
1383
1301
248
1701
1640
527
1353
1474
1974
1544
1277
651
1473
809
149
208
1000
227
104
627
1187
905
543
596
1533
1452
1325
477
101
170
457
1528
442
1955
1132
878
1901
1718
786
236
1601
1650
10
923
784
1110
1430
622
1896
1910
887
1907
1687
508
643
819
1214
199
804
238
1017
352
1481
1121
1727
1108
1652
1140
1802
1586
1996
1089
656
1083
1529
1078
945
140
1014
553
1813
1925
1262
748
1092
571
827
1780
1982
638
947
1359
1967
446
1664
763
1891
1225
711
717
679
1636
873
1553
403
1540
966
89
641
1440
650
1681
79
635
655
1204
107
1958
1760
1343
7
1748
331
867
120
519
46
1063
131
1054
1305
1040
336
665
1332
1973
587
879
738
1118
261
75
1623
758
648
736
555
390
747
1476
1697
498
399
163
96
1897
942
1592
1539
1227
1211
1360
240
1778
1299
48
1863
1874
1105
1157
794
1998
832
967
76
620
1402
1739
158
1129
1245
741
49
1994
1610
1872
1274
53
467
449
778
1267
977
818
582
115
807
187
1641
180
874
1936
443
1340
281
1999
1161
680
1542
1370
931
154
510
289
502
973
852
125
1574
468
1865
153
1731
264
1417
1263
134
545
813
66
39
365
847
630
1428
1203
1328
914
459
974
1938
798
972
473
1387
764
1730
836
684
806
1080
956
589
899
690
839
50
232
1171
739
1789
1374
1736
886
372
1606
668
1575
1290
2000
329
1868
1894
1201
1259
1489
565
1545
1988
1881
470
538
1880
1412
940
1419
1224
676
1599
1884
826
55
259
1569
569
1795
1035
1405
1349
172
1505
1657
1536
930
678
943
105
1704
1991
1377
16
1930
1142
1313
1021
1723
1556
882
801
1034
619
1642
1997
1769
1744
922
522
1217
217
422
349
148
1768
1767
441
1081
1086
1758
875
1208
1147
662
1286
1148
1494
412
59
1885
623
285
1271
721
962
482
1854
1107
1016
1326
1710
1401
464
1125
413
1867
697
1523
1877
939
1050
998
1213
1716
1984
1453
332
1369
221
1703
1506
703
785
1191
937
84
1399
1518
186
12
997
415
385
431
1680
357
1454
436
660
1980
6
1530
233
991
119
1524
1578
601
298
1496
388
1809
597
761
1134
315
585
1168
503
1248
1890
1084
159
340
1394
624
1515
168
849
183
1391
471
1230
824
152
625
1831
693
1898
215
235
184
992
780
255
1604
214
1849
1629
626
789
391
1141
1310
1447
291
1431
1628
27
1576
395
1292
1177
1260
1256
246
493
146
428
795
1595
936
712
1037
1737
606
687
701
1791
551
822
1470
788
539
714
1749
713
908
1487
497
837
1461
174
783
1970
554
929
122
1242
1668
667
536
1827
267
344
314
368
612
1060
1814
78
475
1763
921
348
1363
1076
751
1346
593
322
791
1651
138
1312
1879
1136
861
229
262
1549
1046
1806
1612
544
609
455
1022
570
963
513
325
1753
1344
1348
1364
768
1908
224
1061
124
1351
19
860
1934
1900
1442
249
1058
1167
688
205
